#     Source : patch in
#     Faces  : 80
#     Area   : 4.00000000e+01
#          Time	sum(phi)
1.20000000e-03	-4.00000000e+01
2.64000000e-03	-4.00000000e+01
4.36800000e-03	-4.00000000e+01
6.44160000e-03	-4.00000000e+01
8.92992000e-03	-4.00000000e+01
1.19159040e-02	-4.00000000e+01
1.54990848e-02	-4.00000000e+01
1.97989018e-02	-4.00000000e+01
2.49586821e-02	-4.00000000e+01
3.11504185e-02	-4.00000000e+01
3.85805022e-02	-4.00000000e+01
4.74966027e-02	-4.00000000e+01
5.81959232e-02	-4.00000000e+01
7.10351079e-02	-4.00000000e+01
8.64421294e-02	-4.00000000e+01
1.04930555e-01	-4.00000000e+01
1.27116666e-01	-4.00000000e+01
1.53740000e-01	-4.00000000e+01
1.85258460e-01	-4.00000000e+01
2.21741023e-01	-4.00000000e+01
2.63271043e-01	-4.00000000e+01
3.09938026e-01	-4.00000000e+01
3.61387375e-01	-4.00000000e+01
4.12925927e-01	-4.00000000e+01
4.64610908e-01	-4.00000000e+01
5.16492781e-01	-4.00000000e+01
5.68623984e-01	-4.00000000e+01
6.21052224e-01	-4.00000000e+01
6.73811517e-01	-4.00000000e+01
7.26828793e-01	-4.00000000e+01
7.80075936e-01	-4.00000000e+01
8.33554672e-01	-4.00000000e+01
8.87261825e-01	-4.00000000e+01
9.41144262e-01	-4.00000000e+01
9.95013266e-01	-4.00000000e+01
1.04888821e+00	-4.00000000e+01
1.10278869e+00	-4.00000000e+01
1.15673080e+00	-4.00000000e+01
1.21072582e+00	-4.00000000e+01
1.26478670e+00	-4.00000000e+01
1.31892813e+00	-4.00000000e+01
1.37315197e+00	-4.00000000e+01
1.42742771e+00	-4.00000000e+01
1.48176598e+00	-4.00000000e+01
1.53617565e+00	-4.00000000e+01
1.59066395e+00	-4.00000000e+01
1.64523543e+00	-4.00000000e+01
1.69989483e+00	-4.00000000e+01
1.75464781e+00	-4.00000000e+01
1.80950048e+00	-4.00000000e+01
1.86439914e+00	-4.00000000e+01
1.91931318e+00	-4.00000000e+01
1.97425064e+00	-4.00000000e+01
2.02921986e+00	-4.00000000e+01
2.08423196e+00	-4.00000000e+01
2.13929881e+00	-4.00000000e+01
2.19443224e+00	-4.00000000e+01
2.24964384e+00	-4.00000000e+01
2.30494426e+00	-4.00000000e+01
2.36031760e+00	-4.00000000e+01
2.41573450e+00	-4.00000000e+01
2.47119975e+00	-4.00000000e+01
2.52671824e+00	-4.00000000e+01
2.58229490e+00	-4.00000000e+01
2.63793464e+00	-4.00000000e+01
2.69364349e+00	-4.00000000e+01
2.74942859e+00	-4.00000000e+01
2.80529450e+00	-4.00000000e+01
2.86124407e+00	-4.00000000e+01
2.91727987e+00	-4.00000000e+01
2.97340555e+00	-4.00000000e+01
3.02962483e+00	-4.00000000e+01
3.08594126e+00	-4.00000000e+01
3.14235854e+00	-4.00000000e+01
3.19888053e+00	-4.00000000e+01
3.25550991e+00	-4.00000000e+01
3.31219782e+00	-4.00000000e+01
3.36894819e+00	-4.00000000e+01
3.42576400e+00	-4.00000000e+01
3.48264734e+00	-4.00000000e+01
3.53959985e+00	-4.00000000e+01
3.59662301e+00	-4.00000000e+01
3.65371846e+00	-4.00000000e+01
3.71088863e+00	-4.00000000e+01
3.76813584e+00	-4.00000000e+01
3.82546135e+00	-4.00000000e+01
3.88286622e+00	-4.00000000e+01
3.94035219e+00	-4.00000000e+01
3.99792141e+00	-4.00000000e+01
4.05557609e+00	-4.00000000e+01
4.11331823e+00	-4.00000000e+01
4.17114950e+00	-4.00000000e+01
4.22907186e+00	-4.00000000e+01
4.28708718e+00	-4.00000000e+01
4.34519676e+00	-4.00000000e+01
4.40340149e+00	-4.00000000e+01
4.46170222e+00	-4.00000000e+01
4.52010040e+00	-4.00000000e+01
4.57858118e+00	-4.00000000e+01
4.63711183e+00	-4.00000000e+01
4.69569211e+00	-4.00000000e+01
4.75432216e+00	-4.00000000e+01
4.81300242e+00	-4.00000000e+01
4.87173353e+00	-4.00000000e+01
4.93051611e+00	-4.00000000e+01
4.98935060e+00	-4.00000000e+01
5.04823735e+00	-4.00000000e+01
5.10717667e+00	-4.00000000e+01
5.16616889e+00	-4.00000000e+01
5.22521440e+00	-4.00000000e+01
5.28431354e+00	-4.00000000e+01
5.34346658e+00	-4.00000000e+01
5.40267302e+00	-4.00000000e+01
5.46193217e+00	-4.00000000e+01
5.52124344e+00	-4.00000000e+01
5.58060647e+00	-4.00000000e+01
5.64002169e+00	-4.00000000e+01
5.69948984e+00	-4.00000000e+01
5.75901166e+00	-4.00000000e+01
5.81858789e+00	-4.00000000e+01
5.87821941e+00	-4.00000000e+01
5.93790711e+00	-4.00000000e+01
5.99765174e+00	-4.00000000e+01
6.05745389e+00	-4.00000000e+01
6.11731388e+00	-4.00000000e+01
6.17723194e+00	-4.00000000e+01
6.23720845e+00	-4.00000000e+01
6.29724385e+00	-4.00000000e+01
6.35733836e+00	-4.00000000e+01
6.41749212e+00	-4.00000000e+01
6.47770516e+00	-4.00000000e+01
6.53797742e+00	-4.00000000e+01
6.59830879e+00	-4.00000000e+01
6.65869921e+00	-4.00000000e+01
6.71914862e+00	-4.00000000e+01
6.77965698e+00	-4.00000000e+01
6.84022423e+00	-4.00000000e+01
6.90085026e+00	-4.00000000e+01
6.96153488e+00	-4.00000000e+01
7.02227792e+00	-4.00000000e+01
7.08307922e+00	-4.00000000e+01
7.14393871e+00	-4.00000000e+01
7.20485639e+00	-4.00000000e+01
7.26583234e+00	-4.00000000e+01
7.32686665e+00	-4.00000000e+01
7.38795928e+00	-4.00000000e+01
7.44911017e+00	-4.00000000e+01
7.51031920e+00	-4.00000000e+01
7.57158553e+00	-4.00000000e+01
7.63290830e+00	-4.00000000e+01
7.69428687e+00	-4.00000000e+01
7.75572081e+00	-4.00000000e+01
7.81720983e+00	-4.00000000e+01
7.87875370e+00	-4.00000000e+01
7.94035220e+00	-4.00000000e+01
8.00200505e+00	-4.00000000e+01
8.06369302e+00	-4.00000000e+01
8.12541436e+00	-4.00000000e+01
8.18716909e+00	-4.00000000e+01
8.24895727e+00	-4.00000000e+01
8.31077898e+00	-4.00000000e+01
8.37263427e+00	-4.00000000e+01
8.43452324e+00	-4.00000000e+01
8.49644602e+00	-4.00000000e+01
8.55840278e+00	-4.00000000e+01
8.62039361e+00	-4.00000000e+01
8.68241851e+00	-4.00000000e+01
8.74447750e+00	-4.00000000e+01
8.80657047e+00	-4.00000000e+01
8.86869735e+00	-4.00000000e+01
8.93085807e+00	-4.00000000e+01
8.99305252e+00	-4.00000000e+01
9.05528059e+00	-4.00000000e+01
9.11754218e+00	-4.00000000e+01
9.17983732e+00	-4.00000000e+01
9.24216612e+00	-4.00000000e+01
9.30452869e+00	-4.00000000e+01
9.36692515e+00	-4.00000000e+01
9.42935557e+00	-4.00000000e+01
9.49182002e+00	-4.00000000e+01
9.55431849e+00	-4.00000000e+01
9.61685095e+00	-4.00000000e+01
9.67941731e+00	-4.00000000e+01
9.74201750e+00	-4.00000000e+01
9.80465199e+00	-4.00000000e+01
9.86732108e+00	-4.00000000e+01
9.93002470e+00	-4.00000000e+01
9.99276256e+00	-4.00000000e+01
1.00555342e+01	-4.00000000e+01
1.01183392e+01	-4.00000000e+01
1.01811768e+01	-4.00000000e+01
1.02440466e+01	-4.00000000e+01
1.03069484e+01	-4.00000000e+01
1.03698820e+01	-4.00000000e+01
1.04328476e+01	-4.00000000e+01
1.04958454e+01	-4.00000000e+01
1.05588753e+01	-4.00000000e+01
1.06219376e+01	-4.00000000e+01
1.06850320e+01	-4.00000000e+01
1.07481582e+01	-4.00000000e+01
1.08113160e+01	-4.00000000e+01
1.08745053e+01	-4.00000000e+01
1.09377262e+01	-4.00000000e+01
1.10009789e+01	-4.00000000e+01
1.10642635e+01	-4.00000000e+01
1.11275801e+01	-4.00000000e+01
1.11909287e+01	-4.00000000e+01
1.12543092e+01	-4.00000000e+01
1.13177215e+01	-4.00000000e+01
1.13811655e+01	-4.00000000e+01
1.14446413e+01	-4.00000000e+01
1.15081487e+01	-4.00000000e+01
1.15716877e+01	-4.00000000e+01
1.16352581e+01	-4.00000000e+01
1.16988597e+01	-4.00000000e+01
1.17624924e+01	-4.00000000e+01
1.18261558e+01	-4.00000000e+01
1.18898497e+01	-4.00000000e+01
1.19535741e+01	-4.00000000e+01
1.20173285e+01	-4.00000000e+01
1.20811131e+01	-4.00000000e+01
1.21449275e+01	-4.00000000e+01
1.22087715e+01	-4.00000000e+01
1.22726448e+01	-4.00000000e+01
1.23365468e+01	-4.00000000e+01
1.24004774e+01	-4.00000000e+01
1.24644364e+01	-4.00000000e+01
1.25284237e+01	-4.00000000e+01
1.25924379e+01	-4.00000000e+01
1.26564786e+01	-4.00000000e+01
1.27205456e+01	-4.00000000e+01
1.27846384e+01	-4.00000000e+01
1.28487566e+01	-4.00000000e+01
1.29128996e+01	-4.00000000e+01
1.29770670e+01	-4.00000000e+01
1.30412587e+01	-4.00000000e+01
1.31054745e+01	-4.00000000e+01
1.31697142e+01	-4.00000000e+01
1.32339776e+01	-4.00000000e+01
1.32982648e+01	-4.00000000e+01
1.33625756e+01	-4.00000000e+01
1.34269097e+01	-4.00000000e+01
1.34912672e+01	-4.00000000e+01
1.35556480e+01	-4.00000000e+01
1.36200518e+01	-4.00000000e+01
1.36844786e+01	-4.00000000e+01
1.37489282e+01	-4.00000000e+01
1.38134006e+01	-4.00000000e+01
1.38778957e+01	-4.00000000e+01
1.39424133e+01	-4.00000000e+01
1.40069534e+01	-4.00000000e+01
1.40715157e+01	-4.00000000e+01
1.41361001e+01	-4.00000000e+01
1.42007067e+01	-4.00000000e+01
1.42653351e+01	-4.00000000e+01
1.43299854e+01	-4.00000000e+01
1.43946574e+01	-4.00000000e+01
1.44593510e+01	-4.00000000e+01
1.45240662e+01	-4.00000000e+01
1.45888027e+01	-4.00000000e+01
1.46535605e+01	-4.00000000e+01
1.47183395e+01	-4.00000000e+01
1.47831396e+01	-4.00000000e+01
1.48479607e+01	-4.00000000e+01
1.49128026e+01	-4.00000000e+01
1.49776652e+01	-4.00000000e+01
1.50425485e+01	-4.00000000e+01
1.51074523e+01	-4.00000000e+01
1.51723766e+01	-4.00000000e+01
1.52373211e+01	-4.00000000e+01
1.53022858e+01	-4.00000000e+01
1.53672706e+01	-4.00000000e+01
1.54322753e+01	-4.00000000e+01
1.54972999e+01	-4.00000000e+01
1.55623442e+01	-4.00000000e+01
1.56274082e+01	-4.00000000e+01
1.56924918e+01	-4.00000000e+01
1.57575949e+01	-4.00000000e+01
1.58227173e+01	-4.00000000e+01
1.58878591e+01	-4.00000000e+01
1.59530200e+01	-4.00000000e+01
1.60181999e+01	-4.00000000e+01
1.60833989e+01	-4.00000000e+01
1.61486167e+01	-4.00000000e+01
1.62138532e+01	-4.00000000e+01
1.62791085e+01	-4.00000000e+01
1.63443824e+01	-4.00000000e+01
1.64096748e+01	-4.00000000e+01
1.64749855e+01	-4.00000000e+01
1.65403146e+01	-4.00000000e+01
1.66056618e+01	-4.00000000e+01
1.66710272e+01	-4.00000000e+01
1.67364106e+01	-4.00000000e+01
1.68018118e+01	-4.00000000e+01
1.68672309e+01	-4.00000000e+01
1.69326677e+01	-4.00000000e+01
1.69981221e+01	-4.00000000e+01
1.70635940e+01	-4.00000000e+01
1.71290834e+01	-4.00000000e+01
1.71945901e+01	-4.00000000e+01
1.72601142e+01	-4.00000000e+01
1.73256554e+01	-4.00000000e+01
1.73912137e+01	-4.00000000e+01
1.74567890e+01	-4.00000000e+01
1.75223813e+01	-4.00000000e+01
1.75879903e+01	-4.00000000e+01
1.76536159e+01	-4.00000000e+01
1.77192580e+01	-4.00000000e+01
1.77849163e+01	-4.00000000e+01
1.78505908e+01	-4.00000000e+01
1.79162814e+01	-4.00000000e+01
1.79819880e+01	-4.00000000e+01
1.80477106e+01	-4.00000000e+01
1.81134490e+01	-4.00000000e+01
1.81792033e+01	-4.00000000e+01
1.82449734e+01	-4.00000000e+01
1.83107591e+01	-4.00000000e+01
1.83765605e+01	-4.00000000e+01
1.84423775e+01	-4.00000000e+01
1.85082100e+01	-4.00000000e+01
1.85740580e+01	-4.00000000e+01
1.86399214e+01	-4.00000000e+01
1.87058002e+01	-4.00000000e+01
1.87716942e+01	-4.00000000e+01
1.88376036e+01	-4.00000000e+01
1.89035281e+01	-4.00000000e+01
1.89694677e+01	-4.00000000e+01
1.90354225e+01	-4.00000000e+01
1.91013923e+01	-4.00000000e+01
1.91673771e+01	-4.00000000e+01
1.92333769e+01	-4.00000000e+01
1.92993917e+01	-4.00000000e+01
1.93654213e+01	-4.00000000e+01
1.94314658e+01	-4.00000000e+01
1.94975251e+01	-4.00000000e+01
1.95635991e+01	-4.00000000e+01
1.96296879e+01	-4.00000000e+01
1.96957914e+01	-4.00000000e+01
1.97619095e+01	-4.00000000e+01
1.98280423e+01	-4.00000000e+01
1.98941896e+01	-4.00000000e+01
1.99603513e+01	-4.00000000e+01
2.00265275e+01	-4.00000000e+01
2.00927180e+01	-4.00000000e+01
2.01589228e+01	-4.00000000e+01
2.02251419e+01	-4.00000000e+01
2.02913752e+01	-4.00000000e+01
2.03576228e+01	-4.00000000e+01
2.04238845e+01	-4.00000000e+01
2.04901603e+01	-4.00000000e+01
2.05564502e+01	-4.00000000e+01
2.06227541e+01	-4.00000000e+01
2.06890720e+01	-4.00000000e+01
2.07554040e+01	-4.00000000e+01
2.08217498e+01	-4.00000000e+01
2.08881096e+01	-4.00000000e+01
2.09544832e+01	-4.00000000e+01
2.10208707e+01	-4.00000000e+01
2.10872719e+01	-4.00000000e+01
2.11536869e+01	-4.00000000e+01
2.12201156e+01	-4.00000000e+01
2.12865580e+01	-4.00000000e+01
2.13530141e+01	-4.00000000e+01
2.14194837e+01	-4.00000000e+01
2.14859669e+01	-4.00000000e+01
2.15524635e+01	-4.00000000e+01
2.16189737e+01	-4.00000000e+01
2.16854974e+01	-4.00000000e+01
2.17520344e+01	-4.00000000e+01
2.18185850e+01	-4.00000000e+01
2.18851490e+01	-4.00000000e+01
2.19517265e+01	-4.00000000e+01
2.20183175e+01	-4.00000000e+01
2.20849218e+01	-4.00000000e+01
2.21515395e+01	-4.00000000e+01
2.22181703e+01	-4.00000000e+01
2.22848144e+01	-4.00000000e+01
2.23514715e+01	-4.00000000e+01
2.24181418e+01	-4.00000000e+01
2.24848251e+01	-4.00000000e+01
2.25515213e+01	-4.00000000e+01
2.26182305e+01	-4.00000000e+01
2.26849525e+01	-4.00000000e+01
2.27516874e+01	-4.00000000e+01
2.28184350e+01	-4.00000000e+01
2.28851954e+01	-4.00000000e+01
2.29519685e+01	-4.00000000e+01
2.30187543e+01	-4.00000000e+01
2.30855527e+01	-4.00000000e+01
2.31523637e+01	-4.00000000e+01
2.32191871e+01	-4.00000000e+01
2.32860231e+01	-4.00000000e+01
2.33528714e+01	-4.00000000e+01
2.34197321e+01	-4.00000000e+01
2.34866052e+01	-4.00000000e+01
2.35534905e+01	-4.00000000e+01
2.36203881e+01	-4.00000000e+01
2.36872980e+01	-4.00000000e+01
2.37542199e+01	-4.00000000e+01
2.38211541e+01	-4.00000000e+01
2.38881003e+01	-4.00000000e+01
2.39550585e+01	-4.00000000e+01
2.40220287e+01	-4.00000000e+01
2.40890109e+01	-4.00000000e+01
2.41560049e+01	-4.00000000e+01
2.42230109e+01	-4.00000000e+01
2.42900286e+01	-4.00000000e+01
2.43570582e+01	-4.00000000e+01
2.44240994e+01	-4.00000000e+01
2.44911524e+01	-4.00000000e+01
2.45582171e+01	-4.00000000e+01
2.46252933e+01	-4.00000000e+01
2.46923812e+01	-4.00000000e+01
2.47594806e+01	-4.00000000e+01
2.48265915e+01	-4.00000000e+01
2.48937139e+01	-4.00000000e+01
2.49608477e+01	-4.00000000e+01
2.50279929e+01	-4.00000000e+01
2.50951495e+01	-4.00000000e+01
2.51623173e+01	-4.00000000e+01
2.52294964e+01	-4.00000000e+01
2.52966867e+01	-4.00000000e+01
2.53638883e+01	-4.00000000e+01
2.54311010e+01	-4.00000000e+01
2.54983248e+01	-4.00000000e+01
2.55655597e+01	-4.00000000e+01
2.56328057e+01	-4.00000000e+01
2.57000627e+01	-4.00000000e+01
2.57673307e+01	-4.00000000e+01
2.58346096e+01	-4.00000000e+01
2.59018994e+01	-4.00000000e+01
2.59692000e+01	-4.00000000e+01
2.60365115e+01	-4.00000000e+01
2.61038338e+01	-4.00000000e+01
2.61711668e+01	-4.00000000e+01
2.62385105e+01	-4.00000000e+01
2.63058649e+01	-4.00000000e+01
2.63732300e+01	-4.00000000e+01
2.64406056e+01	-4.00000000e+01
2.65079918e+01	-4.00000000e+01
2.65753885e+01	-4.00000000e+01
2.66427958e+01	-4.00000000e+01
2.67102135e+01	-4.00000000e+01
2.67776415e+01	-4.00000000e+01
2.68450799e+01	-4.00000000e+01
2.69125286e+01	-4.00000000e+01
2.69799875e+01	-4.00000000e+01
2.70474566e+01	-4.00000000e+01
2.71149359e+01	-4.00000000e+01
2.71824254e+01	-4.00000000e+01
2.72499249e+01	-4.00000000e+01
2.73174345e+01	-4.00000000e+01
2.73849542e+01	-4.00000000e+01
2.74524838e+01	-4.00000000e+01
2.75200235e+01	-4.00000000e+01
2.75875730e+01	-4.00000000e+01
2.76551325e+01	-4.00000000e+01
2.77227018e+01	-4.00000000e+01
2.77902810e+01	-4.00000000e+01
2.78578701e+01	-4.00000000e+01
2.79254689e+01	-4.00000000e+01
2.79930776e+01	-4.00000000e+01
2.80606957e+01	-4.00000000e+01
2.81283234e+01	-4.00000000e+01
2.81959604e+01	-4.00000000e+01
2.82636068e+01	-4.00000000e+01
2.83312625e+01	-4.00000000e+01
2.83989275e+01	-4.00000000e+01
2.84666017e+01	-4.00000000e+01
2.85342852e+01	-4.00000000e+01
2.86019778e+01	-4.00000000e+01
2.86696796e+01	-4.00000000e+01
2.87373904e+01	-4.00000000e+01
2.88051103e+01	-4.00000000e+01
2.88728393e+01	-4.00000000e+01
2.89405772e+01	-4.00000000e+01
2.90083241e+01	-4.00000000e+01
2.90760800e+01	-4.00000000e+01
2.91438446e+01	-4.00000000e+01
2.92116182e+01	-4.00000000e+01
2.92794005e+01	-4.00000000e+01
2.93471917e+01	-4.00000000e+01
2.94149916e+01	-4.00000000e+01
2.94828002e+01	-4.00000000e+01
2.95506175e+01	-4.00000000e+01
2.96184434e+01	-4.00000000e+01
2.96862780e+01	-4.00000000e+01
2.97541212e+01	-4.00000000e+01
2.98219729e+01	-4.00000000e+01
2.98898332e+01	-4.00000000e+01
2.99577019e+01	-4.00000000e+01
3.00255791e+01	-4.00000000e+01
3.00934648e+01	-4.00000000e+01
3.01613588e+01	-4.00000000e+01
3.02292613e+01	-4.00000000e+01
3.02971720e+01	-4.00000000e+01
3.03650910e+01	-4.00000000e+01
3.04330182e+01	-4.00000000e+01
3.05009536e+01	-4.00000000e+01
3.05688972e+01	-4.00000000e+01
3.06368490e+01	-4.00000000e+01
3.07048091e+01	-4.00000000e+01
3.07727772e+01	-4.00000000e+01
3.08407535e+01	-4.00000000e+01
3.09087379e+01	-4.00000000e+01
3.09767304e+01	-4.00000000e+01
3.10447309e+01	-4.00000000e+01
3.11127394e+01	-4.00000000e+01
3.11807560e+01	-4.00000000e+01
3.12487805e+01	-4.00000000e+01
3.13168130e+01	-4.00000000e+01
3.13848533e+01	-4.00000000e+01
3.14529016e+01	-4.00000000e+01
3.15209577e+01	-4.00000000e+01
3.15890217e+01	-4.00000000e+01
3.16570935e+01	-4.00000000e+01
3.17251731e+01	-4.00000000e+01
3.17932605e+01	-4.00000000e+01
3.18613556e+01	-4.00000000e+01
3.19294584e+01	-4.00000000e+01
3.19975689e+01	-4.00000000e+01
3.20656871e+01	-4.00000000e+01
3.21338130e+01	-4.00000000e+01
3.22019464e+01	-4.00000000e+01
3.22700875e+01	-4.00000000e+01
3.23382362e+01	-4.00000000e+01
3.24063924e+01	-4.00000000e+01
3.24745562e+01	-4.00000000e+01
3.25427275e+01	-4.00000000e+01
3.26109063e+01	-4.00000000e+01
3.26790926e+01	-4.00000000e+01
3.27472863e+01	-4.00000000e+01
3.28154874e+01	-4.00000000e+01
3.28836960e+01	-4.00000000e+01
3.29519120e+01	-4.00000000e+01
3.30201353e+01	-4.00000000e+01
3.30883659e+01	-4.00000000e+01
3.31566039e+01	-4.00000000e+01
3.32248492e+01	-4.00000000e+01
3.32931018e+01	-4.00000000e+01
3.33613617e+01	-4.00000000e+01
3.34296288e+01	-4.00000000e+01
3.34979031e+01	-4.00000000e+01
3.35661847e+01	-4.00000000e+01
3.36344734e+01	-4.00000000e+01
3.37027693e+01	-4.00000000e+01
3.37710723e+01	-4.00000000e+01
3.38393824e+01	-4.00000000e+01
3.39076997e+01	-4.00000000e+01
3.39760241e+01	-4.00000000e+01
3.40443555e+01	-4.00000000e+01
3.41126940e+01	-4.00000000e+01
3.41810395e+01	-4.00000000e+01
3.42493921e+01	-4.00000000e+01
3.43177516e+01	-4.00000000e+01
3.43861181e+01	-4.00000000e+01
3.44544916e+01	-4.00000000e+01
3.45228720e+01	-4.00000000e+01
3.45912594e+01	-4.00000000e+01
3.46596536e+01	-4.00000000e+01
3.47280548e+01	-4.00000000e+01
3.47964629e+01	-4.00000000e+01
3.48648779e+01	-4.00000000e+01
3.49332997e+01	-4.00000000e+01
3.50017284e+01	-4.00000000e+01
3.50701639e+01	-4.00000000e+01
3.51386063e+01	-4.00000000e+01
3.52070554e+01	-4.00000000e+01
3.52755113e+01	-4.00000000e+01
3.53439740e+01	-4.00000000e+01
3.54124434e+01	-4.00000000e+01
3.54809195e+01	-4.00000000e+01
3.55494024e+01	-4.00000000e+01
3.56178919e+01	-4.00000000e+01
3.56863881e+01	-4.00000000e+01
3.57548910e+01	-4.00000000e+01
3.58234005e+01	-4.00000000e+01
3.58919166e+01	-4.00000000e+01
3.59604394e+01	-4.00000000e+01
3.60289687e+01	-4.00000000e+01
3.60975047e+01	-4.00000000e+01
3.61660472e+01	-4.00000000e+01
3.62345962e+01	-4.00000000e+01
3.63031518e+01	-4.00000000e+01
3.63717139e+01	-4.00000000e+01
3.64402824e+01	-4.00000000e+01
3.65088575e+01	-4.00000000e+01
3.65774390e+01	-4.00000000e+01
3.66460270e+01	-4.00000000e+01
3.67146214e+01	-4.00000000e+01
3.67832222e+01	-4.00000000e+01
3.68518293e+01	-4.00000000e+01
3.69204429e+01	-4.00000000e+01
3.69890628e+01	-4.00000000e+01
3.70576891e+01	-4.00000000e+01
3.71263217e+01	-4.00000000e+01
3.71949606e+01	-4.00000000e+01
3.72636059e+01	-4.00000000e+01
3.73322573e+01	-4.00000000e+01
3.74009149e+01	-4.00000000e+01
3.74695780e+01	-4.00000000e+01
3.75382466e+01	-4.00000000e+01
3.76069206e+01	-4.00000000e+01
3.76756000e+01	-4.00000000e+01
3.77442849e+01	-4.00000000e+01
3.78129751e+01	-4.00000000e+01
3.78816707e+01	-4.00000000e+01
3.79503717e+01	-4.00000000e+01
3.80190779e+01	-4.00000000e+01
3.80877895e+01	-4.00000000e+01
3.81565063e+01	-4.00000000e+01
3.82252284e+01	-4.00000000e+01
3.82939557e+01	-4.00000000e+01
3.83626882e+01	-4.00000000e+01
3.84314260e+01	-4.00000000e+01
3.85001688e+01	-4.00000000e+01
3.85689169e+01	-4.00000000e+01
3.86376700e+01	-4.00000000e+01
3.87064283e+01	-4.00000000e+01
3.87751916e+01	-4.00000000e+01
3.88439601e+01	-4.00000000e+01
3.89127335e+01	-4.00000000e+01
3.89815121e+01	-4.00000000e+01
3.90502956e+01	-4.00000000e+01
3.91190841e+01	-4.00000000e+01
3.91878776e+01	-4.00000000e+01
3.92566761e+01	-4.00000000e+01
3.93254795e+01	-4.00000000e+01
3.93942879e+01	-4.00000000e+01
3.94631011e+01	-4.00000000e+01
3.95319193e+01	-4.00000000e+01
3.96007423e+01	-4.00000000e+01
3.96695702e+01	-4.00000000e+01
3.97384030e+01	-4.00000000e+01
3.98072406e+01	-4.00000000e+01
3.98760830e+01	-4.00000000e+01
3.99449302e+01	-4.00000000e+01
4.00137823e+01	-4.00000000e+01
4.00826391e+01	-4.00000000e+01
4.01515006e+01	-4.00000000e+01
4.02203670e+01	-4.00000000e+01
4.02892380e+01	-4.00000000e+01
4.03581139e+01	-4.00000000e+01
4.04269944e+01	-4.00000000e+01
4.04958796e+01	-4.00000000e+01
4.05647695e+01	-4.00000000e+01
4.06336642e+01	-4.00000000e+01
4.07025635e+01	-4.00000000e+01
4.07714674e+01	-4.00000000e+01
4.08403761e+01	-4.00000000e+01
4.09092893e+01	-4.00000000e+01
4.09782073e+01	-4.00000000e+01
4.10471298e+01	-4.00000000e+01
4.11160570e+01	-4.00000000e+01
4.11849888e+01	-4.00000000e+01
4.12539252e+01	-4.00000000e+01
4.13228663e+01	-4.00000000e+01
4.13918119e+01	-4.00000000e+01
4.14607622e+01	-4.00000000e+01
4.15297170e+01	-4.00000000e+01
4.15986764e+01	-4.00000000e+01
4.16676404e+01	-4.00000000e+01
4.17366090e+01	-4.00000000e+01
4.18055821e+01	-4.00000000e+01
4.18745598e+01	-4.00000000e+01
4.19435420e+01	-4.00000000e+01
4.20125288e+01	-4.00000000e+01
4.20815202e+01	-4.00000000e+01
4.21505161e+01	-4.00000000e+01
4.22195165e+01	-4.00000000e+01
4.22885215e+01	-4.00000000e+01
4.23575310e+01	-4.00000000e+01
4.24265450e+01	-4.00000000e+01
4.24955636e+01	-4.00000000e+01
4.25645867e+01	-4.00000000e+01
4.26336143e+01	-4.00000000e+01
4.27026464e+01	-4.00000000e+01
4.27716831e+01	-4.00000000e+01
4.28407242e+01	-4.00000000e+01
4.29097699e+01	-4.00000000e+01
4.29788201e+01	-4.00000000e+01
4.30478748e+01	-4.00000000e+01
4.31169340e+01	-4.00000000e+01
4.31859977e+01	-4.00000000e+01
4.32550660e+01	-4.00000000e+01
4.33241387e+01	-4.00000000e+01
4.33932159e+01	-4.00000000e+01
4.34622977e+01	-4.00000000e+01
4.35313839e+01	-4.00000000e+01
4.36004747e+01	-4.00000000e+01
4.36695700e+01	-4.00000000e+01
4.37386697e+01	-4.00000000e+01
4.38077740e+01	-4.00000000e+01
4.38768828e+01	-4.00000000e+01
4.39459961e+01	-4.00000000e+01
4.40151139e+01	-4.00000000e+01
4.40842363e+01	-4.00000000e+01
4.41533631e+01	-4.00000000e+01
4.42224945e+01	-4.00000000e+01
4.42916304e+01	-4.00000000e+01
4.43607708e+01	-4.00000000e+01
4.44299157e+01	-4.00000000e+01
4.44990651e+01	-4.00000000e+01
4.45682191e+01	-4.00000000e+01
4.46373775e+01	-4.00000000e+01
4.47065405e+01	-4.00000000e+01
4.47757080e+01	-4.00000000e+01
4.48448800e+01	-4.00000000e+01
4.49140566e+01	-4.00000000e+01
4.49832376e+01	-4.00000000e+01
4.50524232e+01	-4.00000000e+01
4.51216133e+01	-4.00000000e+01
4.51908079e+01	-4.00000000e+01
4.52600070e+01	-4.00000000e+01
4.53292107e+01	-4.00000000e+01
4.53984188e+01	-4.00000000e+01
4.54676315e+01	-4.00000000e+01
4.55368487e+01	-4.00000000e+01
4.56060704e+01	-4.00000000e+01
4.56752966e+01	-4.00000000e+01
4.57445273e+01	-4.00000000e+01
4.58137624e+01	-4.00000000e+01
4.58830021e+01	-4.00000000e+01
4.59522463e+01	-4.00000000e+01
4.60214950e+01	-4.00000000e+01
4.60907481e+01	-4.00000000e+01
4.61600058e+01	-4.00000000e+01
4.62292679e+01	-4.00000000e+01
4.62985345e+01	-4.00000000e+01
4.63678055e+01	-4.00000000e+01
4.64370797e+01	-4.00000000e+01
4.65063568e+01	-4.00000000e+01
4.65756368e+01	-4.00000000e+01
4.66449197e+01	-4.00000000e+01
4.67142056e+01	-4.00000000e+01
4.67834943e+01	-4.00000000e+01
4.68527858e+01	-4.00000000e+01
4.69220802e+01	-4.00000000e+01
4.69913774e+01	-4.00000000e+01
4.70606775e+01	-4.00000000e+01
4.71299803e+01	-4.00000000e+01
4.71992859e+01	-4.00000000e+01
4.72685943e+01	-4.00000000e+01
4.73379054e+01	-4.00000000e+01
4.74072192e+01	-4.00000000e+01
4.74765358e+01	-4.00000000e+01
4.75458551e+01	-4.00000000e+01
4.76151771e+01	-4.00000000e+01
4.76845017e+01	-4.00000000e+01
4.77538291e+01	-4.00000000e+01
4.78231591e+01	-4.00000000e+01
4.78924917e+01	-4.00000000e+01
4.79618270e+01	-4.00000000e+01
4.80311649e+01	-4.00000000e+01
4.81005054e+01	-4.00000000e+01
4.81698485e+01	-4.00000000e+01
4.82391942e+01	-4.00000000e+01
4.83085426e+01	-4.00000000e+01
4.83778935e+01	-4.00000000e+01
4.84472469e+01	-4.00000000e+01
4.85166030e+01	-4.00000000e+01
4.85859616e+01	-4.00000000e+01
4.86553228e+01	-4.00000000e+01
4.87246865e+01	-4.00000000e+01
4.87940528e+01	-4.00000000e+01
4.88634217e+01	-4.00000000e+01
4.89327931e+01	-4.00000000e+01
4.90021670e+01	-4.00000000e+01
4.90715436e+01	-4.00000000e+01
4.91409226e+01	-4.00000000e+01
4.92103042e+01	-4.00000000e+01
4.92796883e+01	-4.00000000e+01
4.93490750e+01	-4.00000000e+01
4.94184643e+01	-4.00000000e+01
4.94878561e+01	-4.00000000e+01
4.95572504e+01	-4.00000000e+01
4.96266474e+01	-4.00000000e+01
4.96960469e+01	-4.00000000e+01
4.97654489e+01	-4.00000000e+01
4.98348536e+01	-4.00000000e+01
4.99042608e+01	-4.00000000e+01
4.99736706e+01	-4.00000000e+01
5.00430831e+01	-4.00000000e+01
5.01124981e+01	-4.00000000e+01
5.01819157e+01	-4.00000000e+01
5.02513360e+01	-4.00000000e+01
5.03207588e+01	-4.00000000e+01
5.03901844e+01	-4.00000000e+01
5.04596125e+01	-4.00000000e+01
5.05290434e+01	-4.00000000e+01
5.05984769e+01	-4.00000000e+01
5.06679130e+01	-4.00000000e+01
5.07373519e+01	-4.00000000e+01
5.08067935e+01	-4.00000000e+01
5.08762377e+01	-4.00000000e+01
5.09456847e+01	-4.00000000e+01
5.10151345e+01	-4.00000000e+01
5.10845870e+01	-4.00000000e+01
5.11540422e+01	-4.00000000e+01
5.12235003e+01	-4.00000000e+01
5.12929611e+01	-4.00000000e+01
5.13624248e+01	-4.00000000e+01
5.14318913e+01	-4.00000000e+01
5.15013606e+01	-4.00000000e+01
5.15708328e+01	-4.00000000e+01
5.16403079e+01	-4.00000000e+01
5.17097859e+01	-4.00000000e+01
5.17792668e+01	-4.00000000e+01
5.18487506e+01	-4.00000000e+01
5.19182373e+01	-4.00000000e+01
5.19877270e+01	-4.00000000e+01
5.20572197e+01	-4.00000000e+01
5.21267154e+01	-4.00000000e+01
5.21962141e+01	-4.00000000e+01
5.22657159e+01	-4.00000000e+01
5.23352207e+01	-4.00000000e+01
5.24047286e+01	-4.00000000e+01
5.24742396e+01	-4.00000000e+01
5.25437537e+01	-4.00000000e+01
5.26132710e+01	-4.00000000e+01
5.26827914e+01	-4.00000000e+01
5.27523150e+01	-4.00000000e+01
5.28218418e+01	-4.00000000e+01
5.28913718e+01	-4.00000000e+01
5.29609050e+01	-4.00000000e+01
5.30304415e+01	-4.00000000e+01
5.30999813e+01	-4.00000000e+01
5.31695243e+01	-4.00000000e+01
5.32390707e+01	-4.00000000e+01
5.33086204e+01	-4.00000000e+01
5.33781734e+01	-4.00000000e+01
5.34477298e+01	-4.00000000e+01
5.35172896e+01	-4.00000000e+01
5.35868529e+01	-4.00000000e+01
5.36564195e+01	-4.00000000e+01
5.37259896e+01	-4.00000000e+01
5.37955631e+01	-4.00000000e+01
5.38651401e+01	-4.00000000e+01
5.39347206e+01	-4.00000000e+01
5.40043047e+01	-4.00000000e+01
5.40738922e+01	-4.00000000e+01
5.41434833e+01	-4.00000000e+01
5.42130780e+01	-4.00000000e+01
5.42826762e+01	-4.00000000e+01
5.43522781e+01	-4.00000000e+01
5.44218835e+01	-4.00000000e+01
5.44914926e+01	-4.00000000e+01
5.45611054e+01	-4.00000000e+01
5.46307217e+01	-4.00000000e+01
5.47003418e+01	-4.00000000e+01
5.47699655e+01	-4.00000000e+01
5.48395929e+01	-4.00000000e+01
5.49092240e+01	-4.00000000e+01
5.49788589e+01	-4.00000000e+01
5.50484974e+01	-4.00000000e+01
5.51181397e+01	-4.00000000e+01
5.51877858e+01	-4.00000000e+01
5.52574355e+01	-4.00000000e+01
5.53270891e+01	-4.00000000e+01
5.53967464e+01	-4.00000000e+01
5.54664075e+01	-4.00000000e+01
5.55360724e+01	-4.00000000e+01
5.56057399e+01	-4.00000000e+01
5.56754082e+01	-4.00000000e+01
5.57450774e+01	-4.00000000e+01
5.58147475e+01	-4.00000000e+01
5.58844184e+01	-4.00000000e+01
5.59540901e+01	-4.00000000e+01
5.60237626e+01	-4.00000000e+01
5.60934358e+01	-4.00000000e+01
5.61631098e+01	-4.00000000e+01
5.62327845e+01	-4.00000000e+01
5.63024600e+01	-4.00000000e+01
5.63721361e+01	-4.00000000e+01
5.64418130e+01	-4.00000000e+01
5.65114905e+01	-4.00000000e+01
5.65811687e+01	-4.00000000e+01
5.66508476e+01	-4.00000000e+01
5.67205271e+01	-4.00000000e+01
5.67902072e+01	-4.00000000e+01
5.68598881e+01	-4.00000000e+01
5.69295695e+01	-4.00000000e+01
5.69992516e+01	-4.00000000e+01
5.70689343e+01	-4.00000000e+01
5.71386176e+01	-4.00000000e+01
5.72083015e+01	-4.00000000e+01
5.72779861e+01	-4.00000000e+01
5.73476712e+01	-4.00000000e+01
5.74173570e+01	-4.00000000e+01
5.74870434e+01	-4.00000000e+01
5.75567305e+01	-4.00000000e+01
5.76264181e+01	-4.00000000e+01
5.76961064e+01	-4.00000000e+01
5.77657953e+01	-4.00000000e+01
5.78354849e+01	-4.00000000e+01
5.79051751e+01	-4.00000000e+01
5.79748659e+01	-4.00000000e+01
5.80445574e+01	-4.00000000e+01
5.81142496e+01	-4.00000000e+01
5.81839425e+01	-4.00000000e+01
5.82536361e+01	-4.00000000e+01
5.83233304e+01	-4.00000000e+01
5.83930254e+01	-4.00000000e+01
5.84627212e+01	-4.00000000e+01
5.85324177e+01	-4.00000000e+01
5.86021150e+01	-4.00000000e+01
5.86718131e+01	-4.00000000e+01
5.87415121e+01	-4.00000000e+01
5.88112119e+01	-4.00000000e+01
5.88809125e+01	-4.00000000e+01
5.89506141e+01	-4.00000000e+01
5.90203165e+01	-4.00000000e+01
5.90900199e+01	-4.00000000e+01
5.91597243e+01	-4.00000000e+01
5.92294296e+01	-4.00000000e+01
5.92991360e+01	-4.00000000e+01
5.93688434e+01	-4.00000000e+01
5.94385519e+01	-4.00000000e+01
5.95082615e+01	-4.00000000e+01
5.95779722e+01	-4.00000000e+01
5.96476841e+01	-4.00000000e+01
5.97173972e+01	-4.00000000e+01
5.97871115e+01	-4.00000000e+01
5.98568272e+01	-4.00000000e+01
5.99265441e+01	-4.00000000e+01
5.99962624e+01	-4.00000000e+01
6.00659820e+01	-4.00000000e+01
6.01357031e+01	-4.00000000e+01
6.02054256e+01	-4.00000000e+01
6.02751495e+01	-4.00000000e+01
6.03448751e+01	-4.00000000e+01
6.04146021e+01	-4.00000000e+01
6.04843308e+01	-4.00000000e+01
6.05540612e+01	-4.00000000e+01
6.06237932e+01	-4.00000000e+01
6.06935270e+01	-4.00000000e+01
6.07632625e+01	-4.00000000e+01
6.08329999e+01	-4.00000000e+01
6.09027391e+01	-4.00000000e+01
6.09724802e+01	-4.00000000e+01
6.10422233e+01	-4.00000000e+01
6.11119683e+01	-4.00000000e+01
6.11817154e+01	-4.00000000e+01
6.12514645e+01	-4.00000000e+01
6.13212158e+01	-4.00000000e+01
6.13909692e+01	-4.00000000e+01
6.14607248e+01	-4.00000000e+01
6.15304827e+01	-4.00000000e+01
6.16002429e+01	-4.00000000e+01
6.16700055e+01	-4.00000000e+01
6.17397705e+01	-4.00000000e+01
6.18095379e+01	-4.00000000e+01
6.18793078e+01	-4.00000000e+01
6.19490803e+01	-4.00000000e+01
6.20188553e+01	-4.00000000e+01
6.20886330e+01	-4.00000000e+01
6.21584134e+01	-4.00000000e+01
6.22281965e+01	-4.00000000e+01
6.22979823e+01	-4.00000000e+01
6.23677710e+01	-4.00000000e+01
6.24375626e+01	-4.00000000e+01
6.25073570e+01	-4.00000000e+01
6.25771544e+01	-4.00000000e+01
6.26469549e+01	-4.00000000e+01
6.27167583e+01	-4.00000000e+01
6.27865648e+01	-4.00000000e+01
6.28563745e+01	-4.00000000e+01
6.29261873e+01	-4.00000000e+01
6.29960034e+01	-4.00000000e+01
6.30658227e+01	-4.00000000e+01
6.31356453e+01	-4.00000000e+01
6.32054712e+01	-4.00000000e+01
6.32753005e+01	-4.00000000e+01
6.33451333e+01	-4.00000000e+01
6.34149694e+01	-4.00000000e+01
6.34848091e+01	-4.00000000e+01
6.35546523e+01	-4.00000000e+01
6.36244990e+01	-4.00000000e+01
6.36943494e+01	-4.00000000e+01
6.37642033e+01	-4.00000000e+01
6.38340610e+01	-4.00000000e+01
6.39039224e+01	-4.00000000e+01
6.39737876e+01	-4.00000000e+01
6.40436565e+01	-4.00000000e+01
6.41135292e+01	-4.00000000e+01
6.41834057e+01	-4.00000000e+01
6.42532861e+01	-4.00000000e+01
6.43231705e+01	-4.00000000e+01
6.43930587e+01	-4.00000000e+01
6.44629509e+01	-4.00000000e+01
6.45328471e+01	-4.00000000e+01
6.46027474e+01	-4.00000000e+01
6.46726517e+01	-4.00000000e+01
6.47425585e+01	-4.00000000e+01
6.48124639e+01	-4.00000000e+01
6.48823678e+01	-4.00000000e+01
6.49522702e+01	-4.00000000e+01
6.50221712e+01	-4.00000000e+01
6.50920706e+01	-4.00000000e+01
6.51619684e+01	-4.00000000e+01
6.52318647e+01	-4.00000000e+01
6.53017593e+01	-4.00000000e+01
6.53716524e+01	-4.00000000e+01
6.54415437e+01	-4.00000000e+01
6.55114334e+01	-4.00000000e+01
6.55813215e+01	-4.00000000e+01
6.56512078e+01	-4.00000000e+01
6.57210923e+01	-4.00000000e+01
6.57909752e+01	-4.00000000e+01
6.58608563e+01	-4.00000000e+01
6.59307357e+01	-4.00000000e+01
6.60006133e+01	-4.00000000e+01
6.60704892e+01	-4.00000000e+01
6.61403633e+01	-4.00000000e+01
6.62102357e+01	-4.00000000e+01
6.62801063e+01	-4.00000000e+01
6.63499752e+01	-4.00000000e+01
6.64198423e+01	-4.00000000e+01
6.64897076e+01	-4.00000000e+01
6.65595712e+01	-4.00000000e+01
6.66294330e+01	-4.00000000e+01
6.66992931e+01	-4.00000000e+01
6.67691515e+01	-4.00000000e+01
6.68390083e+01	-4.00000000e+01
6.69088633e+01	-4.00000000e+01
6.69787167e+01	-4.00000000e+01
6.70485684e+01	-4.00000000e+01
6.71184185e+01	-4.00000000e+01
6.71882670e+01	-4.00000000e+01
6.72581139e+01	-4.00000000e+01
6.73279593e+01	-4.00000000e+01
6.73978032e+01	-4.00000000e+01
6.74676456e+01	-4.00000000e+01
6.75374865e+01	-4.00000000e+01
6.76073260e+01	-4.00000000e+01
6.76771642e+01	-4.00000000e+01
6.77470010e+01	-4.00000000e+01
6.78168365e+01	-4.00000000e+01
6.78866707e+01	-4.00000000e+01
6.79565037e+01	-4.00000000e+01
6.80263355e+01	-4.00000000e+01
6.80961661e+01	-4.00000000e+01
6.81659957e+01	-4.00000000e+01
6.82358242e+01	-4.00000000e+01
6.83056517e+01	-4.00000000e+01
6.83754783e+01	-4.00000000e+01
6.84453041e+01	-4.00000000e+01
6.85151290e+01	-4.00000000e+01
6.85849531e+01	-4.00000000e+01
6.86547766e+01	-4.00000000e+01
6.87245994e+01	-4.00000000e+01
6.87944215e+01	-4.00000000e+01
6.88642432e+01	-4.00000000e+01
6.89340644e+01	-4.00000000e+01
6.90038852e+01	-4.00000000e+01
6.90737056e+01	-4.00000000e+01
6.91435258e+01	-4.00000000e+01
6.92133458e+01	-4.00000000e+01
6.92831657e+01	-4.00000000e+01
6.93529855e+01	-4.00000000e+01
6.94228054e+01	-4.00000000e+01
6.94926253e+01	-4.00000000e+01
6.95624454e+01	-4.00000000e+01
6.96322658e+01	-4.00000000e+01
6.97020864e+01	-4.00000000e+01
6.97719075e+01	-4.00000000e+01
6.98417291e+01	-4.00000000e+01
6.99115512e+01	-4.00000000e+01
6.99813740e+01	-4.00000000e+01
7.00511975e+01	-4.00000000e+01
7.01210218e+01	-4.00000000e+01
7.01908471e+01	-4.00000000e+01
7.02606733e+01	-4.00000000e+01
7.03305006e+01	-4.00000000e+01
7.04003291e+01	-4.00000000e+01
7.04701588e+01	-4.00000000e+01
7.05399898e+01	-4.00000000e+01
7.06098223e+01	-4.00000000e+01
7.06796562e+01	-4.00000000e+01
7.07494917e+01	-4.00000000e+01
7.08193288e+01	-4.00000000e+01
7.08891677e+01	-4.00000000e+01
7.09590085e+01	-4.00000000e+01
7.10288511e+01	-4.00000000e+01
7.10986958e+01	-4.00000000e+01
7.11685425e+01	-4.00000000e+01
7.12383914e+01	-4.00000000e+01
7.13082425e+01	-4.00000000e+01
7.13780960e+01	-4.00000000e+01
7.14479518e+01	-4.00000000e+01
7.15178101e+01	-4.00000000e+01
7.15876710e+01	-4.00000000e+01
7.16575345e+01	-4.00000000e+01
7.17274008e+01	-4.00000000e+01
7.17972698e+01	-4.00000000e+01
7.18671417e+01	-4.00000000e+01
7.19370166e+01	-4.00000000e+01
7.20068946e+01	-4.00000000e+01
7.20767757e+01	-4.00000000e+01
7.21466600e+01	-4.00000000e+01
7.22165475e+01	-4.00000000e+01
7.22864384e+01	-4.00000000e+01
7.23563328e+01	-4.00000000e+01
7.24262306e+01	-4.00000000e+01
7.24961319e+01	-4.00000000e+01
7.25660369e+01	-4.00000000e+01
7.26359456e+01	-4.00000000e+01
7.27058580e+01	-4.00000000e+01
7.27757742e+01	-4.00000000e+01
7.28456943e+01	-4.00000000e+01
7.29156183e+01	-4.00000000e+01
7.29855463e+01	-4.00000000e+01
7.30554783e+01	-4.00000000e+01
7.31254145e+01	-4.00000000e+01
7.31953549e+01	-4.00000000e+01
7.32652995e+01	-4.00000000e+01
7.33352485e+01	-4.00000000e+01
7.34052018e+01	-4.00000000e+01
7.34751597e+01	-4.00000000e+01
7.35451220e+01	-4.00000000e+01
7.36150888e+01	-4.00000000e+01
7.36850603e+01	-4.00000000e+01
7.37550363e+01	-4.00000000e+01
7.38250169e+01	-4.00000000e+01
7.38949983e+01	-4.00000000e+01
7.39649741e+01	-4.00000000e+01
7.40349443e+01	-4.00000000e+01
7.41049087e+01	-4.00000000e+01
7.41748673e+01	-4.00000000e+01
7.42448199e+01	-4.00000000e+01
7.43147667e+01	-4.00000000e+01
7.43847074e+01	-4.00000000e+01
7.44546421e+01	-4.00000000e+01
7.45245706e+01	-4.00000000e+01
7.45944931e+01	-4.00000000e+01
7.46644092e+01	-4.00000000e+01
7.47343192e+01	-4.00000000e+01
7.48042228e+01	-4.00000000e+01
7.48741201e+01	-4.00000000e+01
7.49440111e+01	-4.00000000e+01
7.50138956e+01	-4.00000000e+01
7.50837737e+01	-4.00000000e+01
7.51536454e+01	-4.00000000e+01
7.52235107e+01	-4.00000000e+01
7.52933695e+01	-4.00000000e+01
7.53632217e+01	-4.00000000e+01
7.54330675e+01	-4.00000000e+01
7.55029068e+01	-4.00000000e+01
7.55727395e+01	-4.00000000e+01
7.56425657e+01	-4.00000000e+01
7.57123854e+01	-4.00000000e+01
7.57821986e+01	-4.00000000e+01
7.58520052e+01	-4.00000000e+01
7.59218054e+01	-4.00000000e+01
7.59915990e+01	-4.00000000e+01
7.60613861e+01	-4.00000000e+01
7.61311668e+01	-4.00000000e+01
7.62009411e+01	-4.00000000e+01
7.62707089e+01	-4.00000000e+01
7.63404704e+01	-4.00000000e+01
7.64102255e+01	-4.00000000e+01
7.64799742e+01	-4.00000000e+01
7.65497167e+01	-4.00000000e+01
7.66194529e+01	-4.00000000e+01
7.66891829e+01	-4.00000000e+01
7.67589067e+01	-4.00000000e+01
7.68286244e+01	-4.00000000e+01
7.68983361e+01	-4.00000000e+01
7.69680417e+01	-4.00000000e+01
7.70377414e+01	-4.00000000e+01
7.71074352e+01	-4.00000000e+01
7.71771232e+01	-4.00000000e+01
7.72468054e+01	-4.00000000e+01
7.73164820e+01	-4.00000000e+01
7.73861529e+01	-4.00000000e+01
7.74558183e+01	-4.00000000e+01
7.75254782e+01	-4.00000000e+01
7.75951328e+01	-4.00000000e+01
7.76647821e+01	-4.00000000e+01
7.77344261e+01	-4.00000000e+01
7.78040651e+01	-4.00000000e+01
7.78736990e+01	-4.00000000e+01
7.79433280e+01	-4.00000000e+01
7.80129522e+01	-4.00000000e+01
7.80825716e+01	-4.00000000e+01
7.81521864e+01	-4.00000000e+01
7.82217966e+01	-4.00000000e+01
7.82914023e+01	-4.00000000e+01
7.83610037e+01	-4.00000000e+01
7.84306010e+01	-4.00000000e+01
7.85001941e+01	-4.00000000e+01
7.85697832e+01	-4.00000000e+01
7.86393685e+01	-4.00000000e+01
7.87089500e+01	-4.00000000e+01
7.87785278e+01	-4.00000000e+01
7.88481021e+01	-4.00000000e+01
7.89176730e+01	-4.00000000e+01
7.89872405e+01	-4.00000000e+01
7.90568049e+01	-4.00000000e+01
7.91263663e+01	-4.00000000e+01
7.91959247e+01	-4.00000000e+01
7.92654803e+01	-4.00000000e+01
7.93350332e+01	-4.00000000e+01
7.94045835e+01	-4.00000000e+01
7.94741314e+01	-4.00000000e+01
7.95436769e+01	-4.00000000e+01
7.96132203e+01	-4.00000000e+01
7.96827616e+01	-4.00000000e+01
7.97523010e+01	-4.00000000e+01
7.98218386e+01	-4.00000000e+01
7.98913744e+01	-4.00000000e+01
7.99609087e+01	-4.00000000e+01
8.00304415e+01	-4.00000000e+01
8.00999730e+01	-4.00000000e+01
8.01695033e+01	-4.00000000e+01
8.02390325e+01	-4.00000000e+01
8.03085608e+01	-4.00000000e+01
8.03780882e+01	-4.00000000e+01
8.04476148e+01	-4.00000000e+01
8.05171409e+01	-4.00000000e+01
8.05866665e+01	-4.00000000e+01
8.06561917e+01	-4.00000000e+01
8.07257167e+01	-4.00000000e+01
8.07952415e+01	-4.00000000e+01
8.08647663e+01	-4.00000000e+01
8.09342912e+01	-4.00000000e+01
8.10038162e+01	-4.00000000e+01
8.10733415e+01	-4.00000000e+01
8.11428672e+01	-4.00000000e+01
8.12123933e+01	-4.00000000e+01
8.12819200e+01	-4.00000000e+01
8.13514474e+01	-4.00000000e+01
8.14209755e+01	-4.00000000e+01
8.14905046e+01	-4.00000000e+01
8.15600345e+01	-4.00000000e+01
8.16295654e+01	-4.00000000e+01
8.16990974e+01	-4.00000000e+01
8.17686305e+01	-4.00000000e+01
8.18381648e+01	-4.00000000e+01
8.19077004e+01	-4.00000000e+01
8.19772372e+01	-4.00000000e+01
8.20467755e+01	-4.00000000e+01
8.21163151e+01	-4.00000000e+01
8.21858562e+01	-4.00000000e+01
8.22553988e+01	-4.00000000e+01
8.23249429e+01	-4.00000000e+01
8.23944886e+01	-4.00000000e+01
8.24640358e+01	-4.00000000e+01
8.25335846e+01	-4.00000000e+01
8.26031350e+01	-4.00000000e+01
8.26726870e+01	-4.00000000e+01
8.27422407e+01	-4.00000000e+01
8.28117959e+01	-4.00000000e+01
8.28813398e+01	-4.00000000e+01
8.29508657e+01	-4.00000000e+01
8.30203734e+01	-4.00000000e+01
8.30898627e+01	-4.00000000e+01
8.31593335e+01	-4.00000000e+01
8.32287855e+01	-4.00000000e+01
8.32982186e+01	-4.00000000e+01
8.33676326e+01	-4.00000000e+01
8.34370273e+01	-4.00000000e+01
8.35064026e+01	-4.00000000e+01
8.35757583e+01	-4.00000000e+01
8.36450943e+01	-4.00000000e+01
8.37144104e+01	-4.00000000e+01
8.37837065e+01	-4.00000000e+01
8.38529824e+01	-4.00000000e+01
8.39222380e+01	-4.00000000e+01
8.39914731e+01	-4.00000000e+01
8.40606876e+01	-4.00000000e+01
8.41298814e+01	-4.00000000e+01
8.41990544e+01	-4.00000000e+01
8.42682066e+01	-4.00000000e+01
8.43373379e+01	-4.00000000e+01
8.44064482e+01	-4.00000000e+01
8.44755375e+01	-4.00000000e+01
8.45446056e+01	-4.00000000e+01
8.46136525e+01	-4.00000000e+01
8.46826781e+01	-4.00000000e+01
8.47516825e+01	-4.00000000e+01
8.48206656e+01	-4.00000000e+01
8.48896273e+01	-4.00000000e+01
8.49585675e+01	-4.00000000e+01
8.50274861e+01	-4.00000000e+01
8.50963833e+01	-4.00000000e+01
8.51652588e+01	-4.00000000e+01
8.52341129e+01	-4.00000000e+01
8.53029454e+01	-4.00000000e+01
8.53717565e+01	-4.00000000e+01
8.54405463e+01	-4.00000000e+01
8.55093147e+01	-4.00000000e+01
8.55780619e+01	-4.00000000e+01
8.56467879e+01	-4.00000000e+01
8.57154928e+01	-4.00000000e+01
8.57841767e+01	-4.00000000e+01
8.58528395e+01	-4.00000000e+01
8.59214814e+01	-4.00000000e+01
8.59901024e+01	-4.00000000e+01
8.60587028e+01	-4.00000000e+01
8.61272825e+01	-4.00000000e+01
8.61958417e+01	-4.00000000e+01
8.62643806e+01	-4.00000000e+01
8.63328992e+01	-4.00000000e+01
8.64013976e+01	-4.00000000e+01
8.64698760e+01	-4.00000000e+01
8.65383345e+01	-4.00000000e+01
8.66067732e+01	-4.00000000e+01
8.66751924e+01	-4.00000000e+01
8.67435921e+01	-4.00000000e+01
8.68119727e+01	-4.00000000e+01
8.68803343e+01	-4.00000000e+01
8.69486770e+01	-4.00000000e+01
8.70170011e+01	-4.00000000e+01
8.70853068e+01	-4.00000000e+01
8.71535943e+01	-4.00000000e+01
8.72218639e+01	-4.00000000e+01
8.72901158e+01	-4.00000000e+01
8.73583503e+01	-4.00000000e+01
8.74265675e+01	-4.00000000e+01
8.74947676e+01	-4.00000000e+01
8.75629509e+01	-4.00000000e+01
8.76311178e+01	-4.00000000e+01
8.76992684e+01	-4.00000000e+01
8.77674030e+01	-4.00000000e+01
8.78355220e+01	-4.00000000e+01
8.79036257e+01	-4.00000000e+01
8.79717142e+01	-4.00000000e+01
8.80397878e+01	-4.00000000e+01
8.81078468e+01	-4.00000000e+01
8.81758915e+01	-4.00000000e+01
8.82439222e+01	-4.00000000e+01
8.83119392e+01	-4.00000000e+01
8.83799429e+01	-4.00000000e+01
8.84479334e+01	-4.00000000e+01
8.85159112e+01	-4.00000000e+01
8.85838764e+01	-4.00000000e+01
8.86518295e+01	-4.00000000e+01
8.87197708e+01	-4.00000000e+01
8.87877004e+01	-4.00000000e+01
8.88556188e+01	-4.00000000e+01
8.89235262e+01	-4.00000000e+01
8.89914229e+01	-4.00000000e+01
8.90593092e+01	-4.00000000e+01
8.91271854e+01	-4.00000000e+01
8.91950517e+01	-4.00000000e+01
8.92629085e+01	-4.00000000e+01
8.93307561e+01	-4.00000000e+01
8.93985946e+01	-4.00000000e+01
8.94664245e+01	-4.00000000e+01
8.95342459e+01	-4.00000000e+01
8.96020592e+01	-4.00000000e+01
8.96698647e+01	-4.00000000e+01
8.97376624e+01	-4.00000000e+01
8.98054528e+01	-4.00000000e+01
8.98732360e+01	-4.00000000e+01
8.99410122e+01	-4.00000000e+01
9.00087817e+01	-4.00000000e+01
9.00765448e+01	-4.00000000e+01
9.01443015e+01	-4.00000000e+01
9.02120521e+01	-4.00000000e+01
9.02797967e+01	-4.00000000e+01
9.03475356e+01	-4.00000000e+01
9.04152688e+01	-4.00000000e+01
9.04829965e+01	-4.00000000e+01
9.05506842e+01	-4.00000000e+01
9.06183274e+01	-4.00000000e+01
9.06859255e+01	-4.00000000e+01
9.07534782e+01	-4.00000000e+01
9.08209853e+01	-4.00000000e+01
9.08884468e+01	-4.00000000e+01
9.09558623e+01	-4.00000000e+01
9.10232317e+01	-4.00000000e+01
9.10905548e+01	-4.00000000e+01
9.11578318e+01	-4.00000000e+01
9.12250626e+01	-4.00000000e+01
9.12922472e+01	-4.00000000e+01
9.13593856e+01	-4.00000000e+01
9.14264778e+01	-4.00000000e+01
9.14935240e+01	-4.00000000e+01
9.15605242e+01	-4.00000000e+01
9.16274786e+01	-4.00000000e+01
9.16943874e+01	-4.00000000e+01
9.17612508e+01	-4.00000000e+01
9.18280689e+01	-4.00000000e+01
9.18948420e+01	-4.00000000e+01
9.19615702e+01	-4.00000000e+01
9.20282538e+01	-4.00000000e+01
9.20948930e+01	-4.00000000e+01
9.21614880e+01	-4.00000000e+01
9.22280393e+01	-4.00000000e+01
9.22945471e+01	-4.00000000e+01
9.23610120e+01	-4.00000000e+01
9.24274344e+01	-4.00000000e+01
9.24938149e+01	-4.00000000e+01
9.25601541e+01	-4.00000000e+01
9.26264526e+01	-4.00000000e+01
9.26927109e+01	-4.00000000e+01
9.27589297e+01	-4.00000000e+01
9.28251098e+01	-4.00000000e+01
9.28912517e+01	-4.00000000e+01
9.29573561e+01	-4.00000000e+01
9.30234239e+01	-4.00000000e+01
9.30894557e+01	-4.00000000e+01
9.31554523e+01	-4.00000000e+01
9.32214144e+01	-4.00000000e+01
9.32873430e+01	-4.00000000e+01
9.33532389e+01	-4.00000000e+01
9.34191030e+01	-4.00000000e+01
9.34849362e+01	-4.00000000e+01
9.35507393e+01	-4.00000000e+01
9.36165131e+01	-4.00000000e+01
9.36822587e+01	-4.00000000e+01
9.37479770e+01	-4.00000000e+01
9.38136690e+01	-4.00000000e+01
9.38793357e+01	-4.00000000e+01
9.39449781e+01	-4.00000000e+01
9.40105970e+01	-4.00000000e+01
9.40761936e+01	-4.00000000e+01
9.41417686e+01	-4.00000000e+01
9.42073233e+01	-4.00000000e+01
9.42728587e+01	-4.00000000e+01
9.43383756e+01	-4.00000000e+01
9.44038753e+01	-4.00000000e+01
9.44693586e+01	-4.00000000e+01
9.45348267e+01	-4.00000000e+01
9.46002807e+01	-4.00000000e+01
9.46657216e+01	-4.00000000e+01
9.47311503e+01	-4.00000000e+01
9.47965678e+01	-4.00000000e+01
9.48619752e+01	-4.00000000e+01
9.49273736e+01	-4.00000000e+01
9.49927639e+01	-4.00000000e+01
9.50581472e+01	-4.00000000e+01
9.51235245e+01	-4.00000000e+01
9.51888967e+01	-4.00000000e+01
9.52542648e+01	-4.00000000e+01
9.53196298e+01	-4.00000000e+01
9.53849925e+01	-4.00000000e+01
9.54503540e+01	-4.00000000e+01
9.55157151e+01	-4.00000000e+01
9.55810767e+01	-4.00000000e+01
9.56464396e+01	-4.00000000e+01
9.57118048e+01	-4.00000000e+01
9.57771730e+01	-4.00000000e+01
9.58425451e+01	-4.00000000e+01
9.59079219e+01	-4.00000000e+01
9.59733041e+01	-4.00000000e+01
9.60386924e+01	-4.00000000e+01
9.61040874e+01	-4.00000000e+01
9.61694900e+01	-4.00000000e+01
9.62349007e+01	-4.00000000e+01
9.63003201e+01	-4.00000000e+01
9.63657488e+01	-4.00000000e+01
9.64311871e+01	-4.00000000e+01
9.64966357e+01	-4.00000000e+01
9.65620950e+01	-4.00000000e+01
9.66275107e+01	-4.00000000e+01
9.66928754e+01	-4.00000000e+01
9.67581889e+01	-4.00000000e+01
9.68234513e+01	-4.00000000e+01
9.68886624e+01	-4.00000000e+01
9.69538219e+01	-4.00000000e+01
9.70189304e+01	-4.00000000e+01
9.70839882e+01	-4.00000000e+01
9.71489963e+01	-4.00000000e+01
9.72139553e+01	-4.00000000e+01
9.72788661e+01	-4.00000000e+01
9.73437293e+01	-4.00000000e+01
9.74085455e+01	-4.00000000e+01
9.74733153e+01	-4.00000000e+01
9.75380394e+01	-4.00000000e+01
9.76027183e+01	-4.00000000e+01
9.76673529e+01	-4.00000000e+01
9.77319439e+01	-4.00000000e+01
9.77964919e+01	-4.00000000e+01
9.78609978e+01	-4.00000000e+01
9.79254625e+01	-4.00000000e+01
9.79898868e+01	-4.00000000e+01
9.80542716e+01	-4.00000000e+01
9.81186176e+01	-4.00000000e+01
9.81829260e+01	-4.00000000e+01
9.82471978e+01	-4.00000000e+01
9.83114340e+01	-4.00000000e+01
9.83756357e+01	-4.00000000e+01
9.84398039e+01	-4.00000000e+01
9.85039397e+01	-4.00000000e+01
9.85680443e+01	-4.00000000e+01
9.86321187e+01	-4.00000000e+01
9.86961641e+01	-4.00000000e+01
9.87601819e+01	-4.00000000e+01
9.88241731e+01	-4.00000000e+01
9.88881390e+01	-4.00000000e+01
9.89520809e+01	-4.00000000e+01
9.90160001e+01	-4.00000000e+01
9.90798978e+01	-4.00000000e+01
9.91437752e+01	-4.00000000e+01
9.92076337e+01	-4.00000000e+01
9.92714746e+01	-4.00000000e+01
9.93352993e+01	-4.00000000e+01
9.93991091e+01	-4.00000000e+01
9.94629054e+01	-4.00000000e+01
9.95266894e+01	-4.00000000e+01
9.95904626e+01	-4.00000000e+01
9.96542264e+01	-4.00000000e+01
9.97179821e+01	-4.00000000e+01
9.97817311e+01	-4.00000000e+01
9.98454749e+01	-4.00000000e+01
9.99092148e+01	-4.00000000e+01
9.99729521e+01	-4.00000000e+01
1.00036688e+02	-4.00000000e+01
1.00100425e+02	-4.00000000e+01
1.00164163e+02	-4.00000000e+01
1.00227904e+02	-4.00000000e+01
1.00291649e+02	-4.00000000e+01
1.00355400e+02	-4.00000000e+01
1.00419157e+02	-4.00000000e+01
1.00482923e+02	-4.00000000e+01
1.00546699e+02	-4.00000000e+01
1.00610485e+02	-4.00000000e+01
1.00674284e+02	-4.00000000e+01
1.00738095e+02	-4.00000000e+01
1.00801922e+02	-4.00000000e+01
1.00865764e+02	-4.00000000e+01
1.00929623e+02	-4.00000000e+01
1.00993500e+02	-4.00000000e+01
1.01057396e+02	-4.00000000e+01
1.01121312e+02	-4.00000000e+01
1.01185250e+02	-4.00000000e+01
1.01249210e+02	-4.00000000e+01
1.01313193e+02	-4.00000000e+01
1.01377200e+02	-4.00000000e+01
1.01441233e+02	-4.00000000e+01
1.01505292e+02	-4.00000000e+01
1.01569378e+02	-4.00000000e+01
1.01633492e+02	-4.00000000e+01
1.01697634e+02	-4.00000000e+01
1.01761807e+02	-4.00000000e+01
1.01826010e+02	-4.00000000e+01
1.01890244e+02	-4.00000000e+01
1.01954511e+02	-4.00000000e+01
1.02018740e+02	-4.00000000e+01
1.02082920e+02	-4.00000000e+01
1.02147051e+02	-4.00000000e+01
1.02211132e+02	-4.00000000e+01
1.02275165e+02	-4.00000000e+01
1.02339149e+02	-4.00000000e+01
1.02403084e+02	-4.00000000e+01
1.02466972e+02	-4.00000000e+01
1.02530811e+02	-4.00000000e+01
1.02594604e+02	-4.00000000e+01
1.02658349e+02	-4.00000000e+01
1.02722049e+02	-4.00000000e+01
1.02785703e+02	-4.00000000e+01
1.02849312e+02	-4.00000000e+01
1.02912877e+02	-4.00000000e+01
1.02976398e+02	-4.00000000e+01
1.03039876e+02	-4.00000000e+01
1.03103312e+02	-4.00000000e+01
1.03166706e+02	-4.00000000e+01
1.03230060e+02	-4.00000000e+01
1.03293375e+02	-4.00000000e+01
1.03356650e+02	-4.00000000e+01
1.03419888e+02	-4.00000000e+01
1.03483090e+02	-4.00000000e+01
1.03546256e+02	-4.00000000e+01
1.03609386e+02	-4.00000000e+01
1.03672482e+02	-4.00000000e+01
1.03735543e+02	-4.00000000e+01
1.03798571e+02	-4.00000000e+01
1.03861568e+02	-4.00000000e+01
1.03924535e+02	-4.00000000e+01
1.03987473e+02	-4.00000000e+01
1.04050384e+02	-4.00000000e+01
1.04113268e+02	-4.00000000e+01
1.04176128e+02	-4.00000000e+01
1.04238965e+02	-4.00000000e+01
1.04301781e+02	-4.00000000e+01
1.04364576e+02	-4.00000000e+01
1.04427352e+02	-4.00000000e+01
1.04490112e+02	-4.00000000e+01
1.04552856e+02	-4.00000000e+01
1.04615586e+02	-4.00000000e+01
1.04678304e+02	-4.00000000e+01
1.04741012e+02	-4.00000000e+01
1.04803711e+02	-4.00000000e+01
1.04866402e+02	-4.00000000e+01
1.04929088e+02	-4.00000000e+01
1.04991770e+02	-4.00000000e+01
1.05054450e+02	-4.00000000e+01
1.05117129e+02	-4.00000000e+01
1.05179809e+02	-4.00000000e+01
1.05242492e+02	-4.00000000e+01
1.05305180e+02	-4.00000000e+01
1.05367874e+02	-4.00000000e+01
1.05430577e+02	-4.00000000e+01
1.05493289e+02	-4.00000000e+01
1.05556013e+02	-4.00000000e+01
1.05618751e+02	-4.00000000e+01
1.05681503e+02	-4.00000000e+01
1.05744273e+02	-4.00000000e+01
1.05807061e+02	-4.00000000e+01
1.05869869e+02	-4.00000000e+01
1.05932699e+02	-4.00000000e+01
1.05995553e+02	-4.00000000e+01
1.06058433e+02	-4.00000000e+01
1.06121339e+02	-4.00000000e+01
1.06184275e+02	-4.00000000e+01
1.06247242e+02	-4.00000000e+01
1.06310241e+02	-4.00000000e+01
